0 85
2571 80
4714 74
5571 76
6000 79
6428 82
6428 88
7285 87
7714 88
7285 95
8142 93
8142 96
8142 99
8142 102
8571 101
8571 104
8571 106
8571 109
9000 107
9000 109
9000 111
9000 112
9000 114
9000 116
9000 117
9000 119
9000 121
9000 123
9428 121
9000 125
9428 123
9428 124
9428 125
9428 126
9428 127
10285 121
9428 127
9428 128
9428 129
9857 127
9428 131
9428 132
9428 133
9857 130
9428 134
9857 131
9428 135
9857 132
9857 132
9857 133
9857 133
9857 133
9428 137
9857 134
9857 135
9857 135
9857 135
9428 139
9857 136
9857 137
9857 137
9857 137
9857 137
9857 138
9857 138
9857 138
9857 138
9857 138
9857 139
9857 139
9857 139
10285 136
9857 139
9857 139
9857 139
9857 140
9857 140
10285 136
9428 143
9857 141
9857 141
9857 141
9857 141
9857 142
10285 138
9857 141
9428 145
9857 143
9857 143
9857 143
9857 143
10285 140
9857 143
9857 143
9857 144
9857 144
10714 137
9857 143
9857 143
9857 143
10285 140
9857 143
9857 143
9857 144
9857 144
9857 144
9857 144
10714 137
10285 140
9857 143
10714 136
10285 138
10285 138
9857 141
9857 141
9857 141
9428 145
9857 143
9857 143
9857 143
10285 140
9857 143
10285 139
10285 139
10285 138
10285 138
9857 141
9857 141
9857 142
9857 142
9857 142
9857 142
9857 143
9857 143
10285 139
9857 143
9857 143
10285 139
10285 139
9857 142
10285 139
10285 138
9428 145
10714 135
9857 141
10285 138
9857 141
9857 141
9857 141
9857 142
9857 142
10285 138
9857 142
9857 142
10285 138
9857 142
9857 142
9857 142
10285 139
10285 138
9857 141
9857 142
9857 142
10285 138
10285 138
9857 141
9857 141
9857 142
9857 142
9857 142
9857 142
10285 139
9857 142
10285 139
9857 142
9857 142
9857 142
10285 139
9857 142
9857 142
10285 139
10285 138
10285 138
10285 137
10285 137
10285 137
9857 140
9857 140
9857 140
9857 140
10285 137
9857 140
10285 137
9857 140
9857 140
9857 140
9857 141
9857 141
9857 141
9857 141
9857 142
9857 142
9857 142
9857 142
9857 143
9857 143
9857 143
10285 140
9857 143
10285 139
9857 143
10285 139
10285 139
9857 142
10285 138
10285 138
10285 138
10285 137
9857 140
9857 140
9857 141
10285 137
10285 137
10285 136
9857 140
9857 140
9857 140
10285 137
9857 140
9857 140
9857 140
9857 140
9857 141
9857 141
10285 138
9857 141
9857 141
10285 138
9857 141
9857 141
9857 141
9000 149
9857 143
9857 143
10285 140
9857 143
9857 143
9857 144
10285 140
10285 140
9857 143
10285 139
9857 143
9857 143
9857 143
10285 140
10285 139
10285 139
9857 142
10285 138
9857 142
10285 138
10285 138
9857 141
10285 138
10285 137
9857 140
9857 140
9857 141
9857 141
9857 141
9857 141
9857 142
9857 142
9857 142
10285 139
9857 142
9857 142
9857 142
9857 143
9857 143
9857 143
10285 140
10285 139
9857 142
10285 139
10285 139
10285 138
10285 138
10285 137
10285 137
9857 140
10285 136
10285 136
9857 139
10285 136
10285 135
9857 138
9857 139
9857 139
10285 135
9857 139
9857 139
9857 139
10285 136
9857 139
10285 135
9857 139
9857 139
9857 139
9857 139
9857 140
10285 136
9857 139
9857 140
9857 140
10285 136
9857 140
9857 140
9857 140
9857 140
9857 141
9857 141
9857 141
9857 141
9857 141
9857 142
9857 142
10285 139
10285 138
9857 141
10285 138
9857 141
10285 138
10285 137
10285 137
10285 136
9857 139
9857 140
10285 136
10285 136
10285 135
9857 138
9857 139
9857 139
9857 139
10285 136
9857 139
9857 139
9857 139
10285 136
10285 135
10285 135
9857 138
9857 138
9857 139
9857 139
10285 135
9857 139
9857 139
9857 139
10285 136
9857 139
9857 139
10285 136
9857 139
10285 135
10285 135
9857 138
10285 135
9857 138
9857 138
10285 135
9857 138
9857 138
9857 138
10285 135
10285 134
9857 138
10285 134
9857 137
9857 138
9857 138
9857 138
9857 138
10285 135
9857 138
9857 138
9857 139
10285 135
9857 138
9857 139
9857 139
10285 135
9857 139
9857 139
9857 139
10285 136
9857 139
9857 139
9857 139
9857 140
9857 140
9857 140
10285 137
9857 140
10285 136
9857 140
9857 140
9857 140
9857 140
9857 141
10285 137
9857 140
9857 141
10285 137
9857 140
9857 141
10285 137
9857 140
9857 141
9857 141
9857 141
9857 141
9857 142
9857 142
10285 138
10285 138
10285 137
9857 141