0 85
3000 51
3428 50
3428 55
3857 53
3857 57
3857 61
4285 57
4714 52
4285 61
4714 56
4285 64
5142 52
4285 66
4714 61
5142 55
4714 62
4714 62
4714 63
5142 57
5142 57
4714 63
5142 57
5142 57
5142 56
4714 63
5142 57
4714 63
4714 64
5571 51
4714 63
5142 57
4714 64
5142 58
4714 64
5571 51
4714 63
5142 57
4714 64
5142 58
4714 64
5142 58
5142 58
5142 57
5142 57
4714 63
5142 57
5142 57
4714 63
5142 57
5142 57
4714 64
5142 57
5142 57
5142 56
4714 63
5142 57
5142 56
4714 63
4714 64
5571 50
4714 63
4714 64
5142 58
4714 64
5142 58
5142 58
5142 57
4714 64
5142 58
5142 57
5142 57
4714 64
4714 65
5142 58
5142 58
5142 57
5142 57
4714 64
5142 57
5142 57
5142 56
4714 63
5142 57
4714 64
5142 57
5142 57
4714 64
4714 65
5142 58
5142 58
4714 65
5142 58
5142 58
4714 65
5142 58
5142 58
4714 65
5142 58
4714 65
5142 59
5142 58
5142 58
5142 57
4714 64
5142 58
4714 65
5142 58
5142 58
5142 57
4714 64
5142 58
5142 57
4714 64
5142 58
5142 57
5142 57
4714 64
4714 65
5142 58
5142 58
5142 57
5142 57
4714 64
5142 57
5142 57
4714 64
4714 65
5142 58
5142 58
5142 57
5142 57
4714 64
4714 65
5142 58
5142 58
5142 57
5142 57
4714 64
5142 57
4714 64
5142 58
4714 65
5142 58
5142 58
4714 65
5142 58
5142 58
4714 65
5571 51
5142 56
4714 63
4714 64
5142 58
5571 50
4285 70
5142 58
5142 57
5142 57
4714 64
4714 65
5142 58
5142 58
5142 57
5142 57
4714 64
4714 65
5571 51
5142 56
4714 63
5142 57
5142 56
4714 63
5142 57
4714 64
5142 57
4714 64
5571 51
4714 63
5142 57
4714 64
5571 50
4714 63
5142 56
4714 63
5142 57
4714 64
5142 57
4714 64
5142 58
5142 57
4714 64
5142 58
5142 57
5142 57
4714 64
5142 57
5142 57
4714 64
5142 57
5142 57
4714 64
5142 57
5142 57
4714 64
5142 57
5142 57
4714 64
5142 57
4714 64
5142 58
5142 57
5142 57
4714 64
5142 57
5142 57
4714 64
5142 57
5142 57
4714 64
5142 57
4714 64
5571 51
4714 63
5142 57
4714 64
5142 58
4714 64
5142 58
5142 58
5142 57
4714 64
5142 58
4714 64
5142 58
5142 58
5142 57
4714 64
4714 65
5142 58
5142 58
4714 65
5142 58
5142 58
5142 58
5142 57
5142 57
4714 63
4714 64
5571 51
5142 56
4714 63
5142 57
4714 63
5142 57
5142 57
5571 49
4714 62
4714 63
5142 56
4714 63
5142 57
5142 56
4714 63
5142 57
5142 56
4714 63
5142 57
5142 56
4714 63
5142 57
4714 63
5142 57
4714 64
5142 58
5142 57
4714 64
5142 58
5142 57
4714 64
5142 58
5142 57
4714 64
5142 58
5142 57
4714 64
5142 58
5142 57
4714 64
5142 58
5142 57
5142 57
5142 56
5142 56
4714 63
5142 56
4714 63
4714 64
5142 58
5142 57
5142 57
4714 64
5142 57
4714 64
5142 58
5142 57
4714 64
5142 58
5142 57
4714 64
5142 58
4714 65
5142 58
5142 58
4714 65
5142 58
5142 58
5142 57
4714 64
5142 58
5142 57
4714 64
5142 58
4714 65
5142 58
5142 58
4714 65
5142 58
5142 58
5142 57
4714 64
5142 58
5142 57
5142 57
4714 64
5142 57
5142 57
4714 64
5142 57
5142 57
4714 64
5142 57
5142 57
4714 64
5142 57
5142 57
4714 64
4714 65
5142 58
5142 58
5142 57
5142 57
4714 64
4714 65
5571 51
4714 64
4714 65
5571 51
5142 56
4714 63
4714 64
5142 58
4714 65
5142 58
5142 58
4714 65
4714 66
5142 59
5571 51
4714 64
5142 58
5571 50
4285 70
5142 58
4714 65
5142 58
4714 65
5142 59
5142 58
4714 65
5142 59
5142 58
4714 65
5142 59
5142 58
4714 65
5142 59
5142 58
5142 58
4714 65
5142 58
4714 65
5142 59
5142 58
4714 65
5142 59
5142 58
5142 58
5142 57
4714 64