0.107106
0.100216
0.100251
0.100182
0.100242
0.100229
0.100267
0.100292
0.100242
0.100237
0.100474
0.100243
0.100236
0.100242
0.103312
0.100274
0.100325
0.100245
0.100284
0.100237
0.100215
0.100234
0.100234
0.10023
0.100215
0.100223
0.100229
0.100237
0.100566
0.101977
0.100286
0.10022
0.100237
0.100255
0.100217
0.100251
0.10078
0.100233
0.100249
0.100225
0.100231
0.100257
0.100202
0.100224
0.100249
0.10023
0.100238
0.100215
0.100211
0.100447
0.100432
0.100261
0.100222
0.100253
0.100217
0.100216
0.100218
0.100267
0.100228
0.100233
0.100228
0.100213
0.100212
0.100255
0.100219
0.100248
0.100215
0.100278
0.100273
0.10031
0.100244
0.100285
0.100248
0.100215
0.100237
0.100249
0.100214
0.100234
0.100261
0.100289
0.100275
0.100192
0.100216
0.100265
0.100265
0.100336
0.100236
0.100251
0.100234
0.100229
0.10028
0.1003
0.100297
0.100285
0.100329
0.100289
0.100288
0.100317
0.100383
0.10023
0.100311
0.10027
0.100192
0.100223
0.100246
0.100436
0.100251
0.100239
0.100216
0.100245
0.100265
0.100197
0.10024
0.100271
0.100249
0.100257
0.100233
0.100282
0.100312
0.100281
0.1002
0.100231
0.100246
0.100278
0.100237
0.100246
0.100227
0.100246
0.100264
0.100535
0.100265
0.100228
0.100235
0.100233
0.100273
0.100231
0.100264
0.100228
0.100263
0.100228
0.100261
0.100229
0.100232
0.100221
0.100267
0.100234
0.10025
0.10027
0.100224
0.100246
0.100226
0.100246
0.100227
0.100232
0.100246
0.100229
0.100263
0.100227
0.100261
0.100228
0.100319
0.100265
0.100237
0.10027
0.10023
0.100227
0.100242
0.100265
0.100242
0.100272
0.100263
0.100203
0.100228
0.100246
0.100262
0.100228
0.100339
0.100273
0.100256
0.100235
0.100277
0.10023
0.100229
0.100288
0.100225
0.100268
0.100229
0.100231
0.100243
0.100229
0.100226
0.100246
0.100332
0.100238
0.100232
0.100265
0.100225
0.100244
0.100227
0.100228
0.100281
0.10023
0.100244
0.10023
0.100262
0.100228
0.100228
0.100243
0.100322
0.100252
0.100278
0.100231
0.10026
0.10023
0.100246
0.100268
0.100201
0.100231
0.100261
0.100238
0.100246
0.10023
0.100263
0.100225
0.100286
0.100265
0.100228
0.100253
0.100227
0.100245
0.100227
0.100231
0.100201
0.100231
0.100228
0.100247
0.100231
0.100245
0.100227
0.100244
0.100277
0.10027
0.100267
0.100206
0.10023
0.100231
0.100247
0.10023
0.100236
0.100229
0.100265
0.100229
0.100245
0.100285
0.100246
0.100256
0.100254
0.100323
0.100209
0.100277
0.100229
0.100273
0.100272
0.100228
0.100236
0.10023
0.100234
0.100231
0.100275
0.10023
0.100241
0.100226
0.100242
0.100225
0.10023
0.100241
0.100224
0.100224
0.100226
0.100259
0.100224
0.100225
0.100242
0.100225
0.10024
0.100218
0.100226
0.100241
0.100225
0.100224
0.100286
0.100264
0.100226
0.100262
0.100196
0.100221
0.100233
0.100226
0.10026
0.10022
0.100275
0.100271
0.100244
0.100259
0.100244
0.100223
0.100266
0.100328
0.100234
0.100266
0.100949
0.10024
0.10026
0.100243
0.10026
0.100275
0.100199
0.100243
0.100254
0.100219
0.100289
0.100246
0.100286
0.100278
0.100297
0.100247
0.100275
0.100263
0.100254
0.100451
0.100258
0.100242
0.100279
0.100249
0.100303
0.100248
0.100235
0.100231
0.100258
0.100245
0.100232
0.100251
0.100259
0.100242
0.100257
0.100238
0.100259
0.100835
0.100294
0.100293
0.100246
0.100431
0.100295
0.100226
0.100252
0.100228
0.100228
0.100227
0.100265
0.10023
0.100268
0.100227
0.100225
0.100221
0.100259
0.100239
0.100268
0.100255
0.100203
0.100226
0.100259
0.100221
0.100258
0.10026
0.100227
0.100244
0.100262
0.100244
0.100254
0.100275
0.100281
0.100239
0.100249
0.100249
0.100228
0.100261
0.100247
0.100245
0.100248
0.100228
0.100247
0.100229
0.100231
0.100244
0.10023
0.100228
0.100303
0.100231
0.100287
0.100259
0.100229
0.100226
0.100268
0.100199
0.100229
0.100243
0.100265
0.100233
0.100249
0.100264
0.100236
0.100245
0.100283
0.100265
0.100233
0.100238
0.100255
0.100226
0.100262
0.100244
0.100228
0.100261
0.10023
0.100263
0.100264
0.100245
0.100229
0.100263
0.100334
0.100262
0.100237
0.100263
0.10023
0.10026
0.100226
0.100248
0.100266
0.100227
0.100264
0.100229
0.100228
0.100247
0.100229
0.100226
0.100235
0.100271
0.100246
0.100273
0.100264
0.100242
0.10023
0.100246
0.100228
0.100244
0.10023
0.100228
0.100249
0.100228
0.100262
0.100228
0.100297
0.10024
0.100208
0.100255
0.100257
0.100228
0.100235
0.100251
0.100248
0.100287
0.10022
0.100236
0.100218
0.100245
0.100232
0.100265
0.100192
0.101009
0.100275
0.100232
0.100335
0.10075
0.100761
0.10074
0.100929
0.100737
0.100766
0.100739
0.100747
0.100825
0.100765
0.100794