0.100253
0.100235
0.100396
0.100219
0.100238
0.100225
0.100228
0.100258
0.100889
0.100269
0.100295
0.10023
0.100226
0.100266
0.100268
0.100237
0.100283
0.100265
0.100283
0.100323
0.100314
0.100266
0.10032
0.100259
0.100411
0.100314
0.100334
0.100272
0.100306
0.100272
0.100312
0.100274
0.100806
0.100241
0.100234
0.100267
0.100266
0.100235
0.100311
0.100194
0.100309
0.100279
0.100238
0.100461
0.100249
0.10023
0.100401
0.100219
0.100226
0.10026
0.100524
0.100396
0.100229
0.100266
0.100289
0.100223
0.100257
0.100218
0.100243
0.100458
0.100245
0.100226
0.100221
0.10024
0.10048
0.100246
0.100287
0.100246
0.10022
0.100281
0.100224
0.100223
0.100237
0.100224
0.100231
0.100221
0.100262
0.100233
0.100244
0.100431
0.100241
0.100275
0.100321
0.100295
0.10033
0.100282
0.100277
0.100308
0.100281
0.100297
0.100314
0.100336
0.100304
0.100314
0.100285
0.100262
0.100204
0.10022
0.100331
0.100776
0.100802
0.100796
0.100873
0.100246
0.100219
0.100243
0.100198
0.100309
0.100231
0.100238
0.100263
0.100194
0.10024
0.10079
0.100998
0.100981
0.10085
0.100762
0.100225
0.100308
0.100296
0.100238
0.100318
0.100298
0.100784
0.10079
0.100809
0.10034
0.100293
0.10032
0.100245
0.100251
0.100233
0.100231
0.100276
0.100231
0.100247
0.100261
0.100225
0.100238
0.10023
0.100271
0.100307
0.100406
0.100289
0.100935
0.100336
0.100267
0.100291
0.100338
0.100265
0.10031
0.100289
0.100332
0.100332
0.100334
0.100315
0.100282
0.100282
0.10094
0.10091
0.100283
0.100276
0.100462
0.100284
0.100273
0.10028
0.100314
0.100232
0.100261
0.100244
0.100226
0.100292
0.100253
0.100224
0.10023
0.100263
0.100267
0.100724
0.100288
0.100278
0.100246
0.100294
0.100289
0.100233
0.10027
0.100224
0.100334
0.100939
0.100292
0.100253
0.100245
0.100257
0.100295
0.100259
0.100257
0.100259
0.100394
0.100249
0.100457
0.100254
0.100212
0.100498
0.100266
0.10032
0.100452
0.100255
0.100259
0.10027
0.100243
0.100252
0.100237
0.100257
0.100233
0.100226
0.100231
0.100308
0.100282
0.10032
0.100571
0.100282
0.100284
0.100302
0.100303
0.10033
0.100275
0.100318
0.100622
0.100549
0.100303
0.100293
0.100313
0.100278
0.100281
0.100337
0.100279
0.100318
0.100331
0.100278
0.100324
0.100479
0.10033
0.100257
0.100496
0.100228
0.100272
0.100263
0.100224
0.100272
0.10025
0.100231
0.100267
0.100252
0.100253
0.100416
0.100239
0.100269
0.100261
0.100237
0.100263
0.100229
0.100261
0.10024
0.100269
0.100225
0.100261
0.100219
0.10028
0.10022
0.100274
0.100226
0.100252
0.100271
0.100313
0.100226
0.100243
0.100224
0.100254
0.100228
0.100657
0.100262
0.100246
0.100224
0.100246
0.100297
0.100272
0.100202
0.10023
0.100687
0.100823
0.100372
0.100331
0.100262
0.100364
0.100373
0.100293
0.100243
0.100311
0.100292
0.10033
0.100324
0.100233
0.100251
0.100263
0.100299
0.100272
0.100252
0.100237
0.100218
0.100399
0.100718
0.100332
0.100334
0.100231
0.100263
0.100271
0.100231
0.100321
0.100256
0.100224
0.100227
0.100318
0.100267
0.100232
0.100271
0.100299
0.100333
0.100224
0.100296
0.100295
0.100331
0.100224
0.100247
0.100234
0.100246
0.100201
0.100273
0.100542
0.100244
0.100228
0.100287
0.100258
0.100281
0.100303
0.100272
0.100317
0.100281
0.100301
0.10028
0.100302
0.100427
0.100337
0.100312
0.100384
0.100375
0.100277
0.100314
0.100302
0.100295
0.100434
0.100482
0.100378
0.100366
0.100303
0.100283
0.100298
0.100283
0.100235
0.10034
0.100295
0.100349
0.100278
0.100305
0.100288
0.100336
0.100326
0.100291
0.100337
0.100818
0.100536
0.100376
0.100431
0.100373
0.100664
0.100638
0.100281
0.100275
0.100376
0.100408
0.100495
0.100318
0.100241
0.100269
0.100196
0.10031
0.100237
0.100215
0.100206
0.100224
0.100262
0.100219
0.100265
0.100266
0.100229
0.100273
0.100254
0.100244
0.100267
0.100235
0.100232
0.100329
0.100273
0.100247
0.100224
0.100299
0.100245
0.100262
0.100231
0.10024
0.100268
0.100234
0.100262
0.100229
0.100219
0.100244
0.100266
0.100247
0.100248
0.100252
0.10029
0.100232
0.100242
0.100283
0.100231
0.100279
0.100268
0.100224
0.100228
0.100244
0.100198
0.100257
0.100377
0.100355
0.100469
0.100943
0.100219
0.100297
0.100328
0.100292
0.100289
0.100309
0.100312
0.100351
0.100223
0.100258
0.100279
0.100237
0.100276
0.100237
0.100219
0.100323
0.100277
0.100238
0.100265
0.100217
0.100266
0.100244
0.100242
0.100286
0.10025
0.100229
0.100341
0.10023
0.100228
0.100233
0.100271
0.10025
0.100235
0.100261
0.100256
0.10022
0.100331
0.101113
0.10023
0.10024
0.100265
0.100226
0.10026
0.100217
0.10024
0.10031
0.100292
0.100229
0.100242
0.100225
0.100255
0.10029
0.100236
0.100255
0.100228
0.100259
0.100242
0.100298
0.100286
0.100385
0.100279
0.100274
0.100289
0.100278
0.100289
0.100385
0.100278
0.101263
0.100331
0.100276
0.10022
0.100258
0.10023
0.100254
0.100265
0.100241
0.100279
0.100256
0.100243
0.100274
0.10023
0.100249
0.100271
0.100239
0.100264
0.100222
0.100218
0.100219
0.100255
0.100226
0.100258
0.100223
0.100225
0.10028
0.100233
0.100281
0.100225
0.100257
0.100221
0.100232
0.100243
0.100229
0.100232
0.10023
0.100258
0.10023
0.100287
0.100242
0.100281
0.1003
0.100265
0.100231
0.100276
0.100222
0.100235
0.10027
0.100242
0.100274
0.100287
0.100287
0.100269
0.100372
0.100422
0.100458
0.100284
0.100333
0.10029
0.100264
0.100356
0.100272
0.100305
0.100264
0.10026
0.100228
0.100226
0.100232
0.10028
0.100291
0.100276
0.100249
0.100259
0.100256
0.100223
0.100223
0.100253
0.100402
0.100271
0.100223
0.100282
0.100223
0.100217
0.100248
0.100257
0.100237
0.100225
0.100247
0.100263
0.100234
0.100821
0.100709
0.100766
0.100301
0.100391
0.100229
0.100259
0.100234
0.100265
0.100199
0.100228
0.100292
0.100196
0.100232
0.100263
0.100223
0.100266
0.100249
0.100242
0.100269
0.100312
0.100291
0.10028
0.10025
0.100304
0.100264
0.100228
0.10025
0.100328
0.10036
0.100305
0.100284
0.100222
0.100283
0.100306
0.100298
0.100242
0.100258
0.100227
0.100268
0.100227
0.100276
0.100225
0.100266
0.100222
0.100253
0.100228
0.100257
0.100225
0.100463
0.100262
0.100231
0.100221
0.100247
0.100226
0.100368
0.100223
0.100238
0.100259
0.10023
0.10025
0.100269
0.100227
0.100247
0.100226
0.100525
0.100227
0.100233
0.100249
0.100227
0.100225
0.100245
0.100677
0.100244
0.100244
0.100251
0.100306
0.100292
0.100311
0.100323
0.100257
0.100397
0.100375
0.100381
0.100318
0.100275
0.100317
0.100278
0.100255
0.100306
0.100236
0.10024
0.100222
0.100275
0.100233
0.100251
0.100263
0.100227
0.100267
0.100241
0.100251
0.100274
0.100275
0.10028
0.100245
0.100259
0.100232
0.100335
0.100233
0.100231
0.100248
0.100228
0.100308
0.100229
0.100224
0.100282
0.100263
0.100237
0.100223
0.100265
0.100222
0.100219
0.100224
0.100345
0.100251
0.100206
0.100232
0.100268
0.100422
0.100351
0.100205
0.100233
0.100241
0.100259
0.100212
0.100315
0.100346
0.100284
0.100337
0.100264
0.10026
0.100356
0.100277
0.100291
0.100311
0.100281
0.100261
0.100315
0.100305
0.100264
0.100313
0.100229
0.100257
0.10026
0.100224
0.100257
0.100223
0.100246
0.100253
0.100793
0.100226
0.100232
0.100254
0.10023
0.100227
0.100333
0.100299
0.100297
0.100259
0.100226
0.10027
0.100229
0.10024
0.100219
0.100297
0.100261
0.100272
0.100231
0.100253
0.100224
0.100239
0.100359
0.100257
0.100319
0.100206
0.100221
0.100254
0.100266
0.100227
0.100269
0.100955
0.100235
0.100246
0.10026
0.100332
0.100245
0.100212
0.100236
0.100242
0.10018
0.100211
0.100284
0.100278
0.100241
0.100225
0.100423
0.10024
0.100271
0.100889
0.10026
0.100273
0.100252
0.10028
0.100266
0.100192
0.100231
0.100233
0.100258
0.100218
0.100242
0.100239
0.100227
0.100236
0.100394
0.100194
0.100259
0.101079
0.100235
0.100257
0.100221
0.100307
0.10029
0.100314
0.100306
0.100244
0.100343
0.10022
0.100252
0.100273
0.100223
0.100245
0.100221
0.100191
0.100257
0.100242
0.100234
0.100251
0.100314
0.100337
0.100592
0.100313
0.101092
0.100408
0.10027
0.100309
0.100274
0.100397
0.100357
0.10035
0.100963
0.100277
0.100295
0.100283
0.100312
0.100269
0.100316
0.100994
0.101065
0.101136
0.100286
0.100279
0.100322
0.100238
0.100282
0.100346
0.100323
0.100361
0.100289
0.100297
0.100454
0.100342
0.100273
0.100286
0.100848
0.10085
0.101057
0.10033
0.100287
0.100328
0.100329
0.10025
0.100222
0.100312
0.100228
0.100242
0.100219
0.100314
0.100293
0.1003
0.10031
0.100263
0.100243
0.100217
0.100218
0.100338
0.100223
0.100258
0.100218
0.100219
0.10035
0.100326
0.100262
0.100262
0.100229
0.100231
0.100243
0.100238
0.100289
0.100232
0.100246
0.100258
0.100227
0.100265
0.100241
0.100237
0.100249
0.100338
0.100271
0.10026
0.100177
0.100261
0.100746
0.100785
0.100746
0.100756
0.100365
0.100578
0.100326
0.100235
0.100277
0.100341
0.100234
0.10029
0.100307
0.100332
0.10028
0.10031
0.1004
0.100331
0.100323
0.10033
0.100285
0.10031
0.10029
0.100307
0.100292
0.100326
0.100278
0.100329
0.100292
0.100358
0.10039
0.10041
0.100307
0.100326
0.100373
0.100303
0.100251
0.100239
0.100231
0.100269
0.100201
0.100224
0.100249
0.100892
0.100278
0.100247
0.100211
0.100226
0.100263
0.10023
0.100244
0.100266
0.100224
0.100236
0.100217
0.10084
0.10023
0.100287
0.100235
0.100271
0.100243
0.100225
0.100257
0.100232
0.100244
0.100253
0.100234
0.100451
0.10024
0.100312
0.100235
0.100247
0.100229
0.100261
0.100223
0.100711