0.10061
0.100273
0.10026
0.100314
0.100198
0.100233
0.100279
0.100257
0.100227
0.10026
0.100225
0.100255
0.100244
0.100229
0.100258
0.10019
0.100233
0.100382
0.100358
0.100259
0.100226
0.100262
0.100224
0.100223
0.100238
0.10025
0.100179
0.100343
0.100239
0.10022
0.10023
0.100222
0.100297
0.100298
0.100264
0.10023
0.100242
0.100227
0.100254
0.100216
0.100248
0.100269
0.100217
0.100244
0.10022
0.100241
0.100258
0.10033
0.100249
0.100359
0.100287
0.10033
0.100229
0.100328
0.100322
0.100292
0.100276
0.10026
0.100218
0.100218
0.100234
0.100293
0.100218
0.100287
0.100349
0.100226
0.100269
0.101069
0.100298
0.100238
0.100227
0.100254
0.100298
0.100264
0.100242
0.100239
0.100283
0.10022
0.100225
0.100319
0.100302
0.100287
0.100221
0.100258
0.100231
0.100258
0.100245
0.100224
0.100238
0.100303
0.100314
0.100348
0.100233
0.100249
0.100195
0.100231
0.100265
0.100231
0.100227
0.100986
0.10024
0.100259
0.100226
0.10025
0.100295
0.100347
0.100247
0.100314
0.100267
0.10032
0.100285
0.100309
0.100296
0.100296
0.100379
0.100389
0.100296
0.100365
0.100368
0.100263
0.1002
0.100227
0.10031
0.100229
0.100246
0.100232
0.100344
0.100264
0.100236
0.100263
0.100254
0.100305
0.100217
0.101
0.100258
0.100317
0.100279
0.100239
0.10024
0.100247
0.100261
0.100223
0.100235
0.100223
0.100268
0.100266
0.100229
0.100248
0.100267
0.100229
0.100263
0.100226
0.10022
0.10018
0.10027
0.100247
0.100239
0.100426
0.100226
0.100251
0.100225
0.100239
0.100224
0.100249
0.100231
0.100471
0.100221
0.10025
0.100272
0.100324
0.100278
0.10033
0.100254
0.100293
0.100332
0.10031
0.100287
0.100279
0.100316
0.100285
0.10028
0.100366
0.10041
0.100341
0.100296
0.100292
0.10023
0.100312
0.100237
0.100234
0.10023
0.100263
0.100227
0.100253
0.100213
0.100244
0.10022
0.100225
0.100229
0.100263
0.100241
0.100221
0.100274
0.100278
0.100307
0.100558
0.100294
0.100226
0.100246
0.100265
0.100261
0.100244
0.100223
0.100241
0.100229
0.100222
0.10027
0.10029
0.100264
0.100253
0.100224
0.100292
0.10031
0.100306
0.10023
0.100247
0.10023
0.100224
0.100245
0.100246
0.100248
0.100266
0.100258
0.100283
0.100644
0.100302
0.100278
0.100294
0.100316
0.100324
0.100289
0.100253
0.100247
0.100293
0.100225
0.100274
0.100221
0.10031
0.100282
0.10023
0.100267
0.100245
0.100222
0.100244
0.100272
0.100244
0.100286
0.100341
0.100312
0.100314
0.100298
0.100223
0.100287
0.100301
0.100236
0.100267
0.100224
0.100214
0.100224
0.10026
0.100223
0.100255
0.100221
0.10022
0.100231
0.1003
0.100226
0.100254
0.100264
0.100223
0.100243
0.100221
0.100218
0.100219
0.100224
0.100241
0.100242
0.100216
0.100217
0.100228
0.100264
0.100248
0.1003
0.100343
0.100407
0.100296
0.100309
0.100334
0.100251
0.100301
0.100278
0.100314
0.100287
0.100273
0.100309
0.10035
0.100271
0.100298
0.100256
0.100274
0.10023
0.10026
0.10024
0.100223
0.100226
0.100277
0.100232
0.100261
0.100256
0.100214
0.100263
0.100266
0.10025
0.100958
0.100294
0.100224
0.10023
0.100227
0.100222
0.100255
0.100249
0.100225
0.100268
0.10024
0.100751
0.100256
0.100223
0.100231
0.100243
0.100272
0.10024
0.100214
0.100264
0.100226
0.100248
0.100251
0.100229
0.100237
0.100253
0.100222
0.100268
0.100294
0.100248
0.100668
0.100289
0.100292
0.100327
0.100228
0.100249
0.100263
0.100238
0.100223
0.100254
0.100258
0.10023
0.100294
0.100231
0.100238
0.100236
0.100263
0.100231
0.100243
0.100225
0.10024
0.100382
0.100219
0.100249
0.100196
0.100232
0.100257
0.100236
0.100274
0.100231
0.100244
0.100227