0.10086
0.101616
0.100805
0.10081
0.100809
0.100244
0.100266
0.100319
0.100235
0.100779
0.100786
0.100779
0.100762
0.100876
0.100798
0.100207
0.100822
0.100821
0.100259
0.100291
0.100161
0.100245
0.100247
0.100222
0.100212
0.100255
0.100258
0.100274
0.100275
0.100247
0.100216
0.10024
0.100254
0.100221
0.100246
0.100266
0.100196
0.100227
0.100317
0.100261
0.100249
0.100221
0.100216
0.100238
0.100187
0.10022
0.100214
0.100215
0.100253
0.10022
0.100234
0.100258
0.100216
0.10025
0.100215
0.100264
0.100272
0.100237
0.100243
0.10022
0.100214
0.100186
0.100217
0.100217
0.102037
0.101301
0.100234
0.100443
0.100303
0.100186
0.100228
0.100258
0.100215
0.100234
0.100736
0.10025
0.100258
0.100266
0.100227
0.10025
0.100251
0.100213
0.100233
0.100213
0.100272
0.100226
0.100289
0.100217
0.1007
0.100367
0.100231
0.100429
0.100213
0.100282
0.100238
0.100219
0.100235
0.100254
0.100232
0.100254
0.100209
0.100253
0.100218
0.100237
0.100196
0.100248
0.100239
0.100274
0.100217
0.100237
0.100249
0.100216
0.100232
0.100276
0.100217
0.100261
0.100372
0.10022
0.100253
0.100217
0.100212
0.100276
0.100212
0.10024
0.100241
0.100244
0.100243
0.100264
0.100312
0.10024
0.100221
0.100195
0.100234
0.100188
0.100217
0.100253
0.100252
0.100244
0.100658
0.10026
0.100271
0.100219
0.100254
0.100217
0.100234
0.100219
0.100215
0.100235
0.100213
0.10022
0.10024
0.100218
0.10025
0.100499
0.100277
0.100449
0.100221
0.100218
0.100215
0.100219
0.100234
0.100215
0.100212
0.100219
0.100324
0.100291
0.100304
0.100768
0.100331
0.100558
0.100303
0.100299
0.100314
0.100318
0.100293
0.100295
0.100337
0.100203
0.100397
0.100295
0.100305
0.10032
0.10032
0.100284
0.100277
0.100302
0.100276
0.100297
0.100336
0.10032
0.100299
0.100306
0.100294
0.100285
0.100293
0.100484
0.100224
0.100211
0.100207
0.100229
0.100234
0.100461
0.100251
0.100224
0.100237
0.100302
0.100275
0.100202
0.100263
0.100249
0.100226
0.100264
0.100246
0.100224
0.10026
0.100261
0.100196
0.100233
0.100499
0.10024
0.100265
0.100239
0.100231
0.100246
0.100233
0.100236
0.100912
0.100411
0.100251
0.100294
0.100234
0.100269
0.10023
0.100356
0.100236
0.100247
0.100222
0.100242
0.10025
0.100258
0.100225
0.100243
0.100233
0.100262
0.100222
0.100333
0.100227
0.100226
0.100227
0.100318
0.100238
0.100271
0.100228
0.100263
0.100228
0.100247
0.100264
0.100229
0.100249
0.100242
0.100242
0.100221
0.100227
0.100224
0.100262
0.100242
0.100249
0.100274
0.100198
0.100225
0.100247
0.100244
0.100247
0.100229
0.100227
0.100228
0.100264
0.100227
0.100262
0.100227
0.100227
0.100228
0.100309
0.100229
0.100247
0.10023
0.100249
0.10024
0.10029
0.100228
0.100247
0.100263
0.100229
0.100262
0.100227
0.100226
0.100226
0.10026
0.100247
0.100256
0.100268
0.100236
0.100255
0.100229
0.100375
0.100261
0.100265
0.100224
0.100243
0.10026
0.100228
0.100243
0.100229
0.100248
0.100289
0.100231
0.100261
0.100367
0.100266
0.100353
0.10025
0.10456
0.100233
0.10026
0.100246
0.100234
0.10025
0.10026
0.100333
0.100254
0.100275
0.10022
0.100263
0.100225